276.126300429
258.705097834
264.510624186
270.317724826
270.317724826
264.510624186
219.345297535
184.106142054
176.162953902
183.453461166
179.422487504
180.134201871
173.247527781
184.106142054
191.725378314
200.387555536
192.051927265
181.308104414
227.763668437
213.550400573
200.0
212.948566402
204.138222274
212.948566402
209.036025693
204.728346987
195.725701393
208.631743756
212.871796212
217.863496352
229.312602495
215.458168149
228.447332677
220.204798251
240.73505743
242.775262496
251.983535188
244.128764934
235.787732765
251.935185275
250.477251468
248.602652215
261.426756558
251.935185275
257.375286725
265.255830733
262.823958423
256.503640612
260.598857837
257.216753834
258.383779774
265.656259869
258.383779774
266.912042097
253.174685155
272.403784218
248.603526781
258.383779774
258.383779774
276.393637088
